collections        | stdlib | 001, 021, 023, 034, 036, 042, 045, 055, 057, 063, 076, 084, 086, 095, 096
contextlib         | stdlib | 001, 016, 021, 025, 030, 032, 055, 067
csv                | stdlib | 001, 030, 032, 044, 050, 086, 096
datetime           | stdlib | 005, 007, 009, 012, 013, 017, 018, 034, 036, 061, 063, 076, 095
flask              | pypi   | 013, 032, 038, 056, 060, 062, 065, 083, 089, 099
itertools          | stdlib | 029, 039, 041, 044, 048
os                 | stdlib | 007, 009, 012, 013, 014, 015, 017, 018, 021, 030, 031, 032, 038, 040, 044, 046, 053, 055, 057, 059, 061, 066, 068, 074, 075, 076, 080, 081, 084, 086, 088, 090, 091, 092, 095, 096, 097, 098, 100
pprint             | stdlib | 013, 026, 027, 030, 032, 038, 046, 050, 066, 088, 090, 091
pyperclip          | pypi   | 004, 019, 022, 035, 043
pytz               | pypi   | 007, 012, 013, 082, 083
random             | stdlib | 024, 029, 036, 040, 044
re                 | stdlib | 005, 007, 009, 015, 021, 022, 024, 068, 080, 081, 086, 095
requests           | pypi   | 005, 007, 009, 012, 013, 026, 027, 037, 047, 051, 057, 068, 074, 076, 085, 087
sqlite3            | stdlib | 025, 030, 032, 045, 055, 062, 067, 079, 089
ssl                | stdlib | 001, 017, 018, 034, 038, 044, 055
sys                | stdlib | 001, 003, 005, 007, 009, 014, 015, 017, 018, 021, 022, 023, 026, 030, 032, 038, 040, 042, 044, 046, 052, 053, 055, 057, 059, 061, 066, 076, 079, 080, 081, 084, 086, 089, 090, 091, 095, 096, 098
time               | stdlib | 014, 015, 029, 034, 040, 061, 069, 088, 095, 096
urllib             | stdlib | 015, 017, 018, 044, 055

stdlib    :  14 (77.8%)
pypi      :   4 (22.2%)
------------------------------
Total: 18
